*vertices 128
0 0
1 1
2 2
3 3
4 4
5 5
6 6
7 7
8 8
9 9
10 10
11 11
12 12
13 13
14 14
15 15
16 16
17 17
18 18
19 19
20 20
21 21
22 22
23 23
24 24
25 25
26 26
27 27
28 28
29 29
30 30
31 31
32 32
33 33
34 34
35 35
36 36
37 37
38 38
39 39
40 40
41 41
42 42
43 43
44 44
45 45
46 46
47 47
48 48
49 49
50 50
51 51
52 52
53 53
54 54
55 55
56 56
57 57
58 58
59 59
60 60
61 61
62 62
63 63
64 64
65 65
66 66
67 67
68 68
69 69
70 70
71 71
72 72
73 73
74 74
75 75
76 76
77 77
78 78
79 79
80 80
81 81
82 82
83 83
84 84
85 85
86 86
87 87
88 88
89 89
90 90
91 91
92 92
93 93
94 94
95 95
96 96
97 97
98 98
99 99
100 100
101 101
102 102
103 103
104 104
105 105
106 106
107 107
108 108
109 109
110 110
111 111
112 112
113 113
114 114
115 115
116 116
117 117
118 118
119 119
120 120
121 121
122 122
123 123
124 124
125 125
126 126
127 127
*edges
1 128 1
1 2 128
2 128 1
2 3 128
3 128 1
3 4 128
4 128 1
4 5 128
5 128 1
5 6 128
6 128 1
6 7 128
7 128 1
7 8 128
8 128 1
8 9 128
9 128 1
9 10 128
10 128 1
10 11 128
11 128 1
11 12 128
12 128 1
12 13 128
13 128 1
13 14 128
14 128 1
14 15 128
15 128 1
15 16 128
16 128 1
16 17 128
17 128 1
17 18 128
18 128 1
18 19 128
19 128 1
19 20 128
20 128 1
20 21 128
21 128 1
21 22 128
22 128 1
22 23 128
23 128 1
23 24 128
24 128 1
24 25 128
25 128 1
25 26 128
26 128 1
26 27 128
27 128 1
27 28 128
28 128 1
28 29 128
29 128 1
29 30 128
30 128 1
30 31 128
31 128 1
31 32 128
32 128 1
32 33 128
33 128 1
33 34 128
34 128 1
34 35 128
35 128 1
35 36 128
36 128 1
36 37 128
37 128 1
37 38 128
38 128 1
38 39 128
39 128 1
39 40 128
40 128 1
40 41 128
41 128 1
41 42 128
42 128 1
42 43 128
43 128 1
43 44 128
44 128 1
44 45 128
45 128 1
45 46 128
46 128 1
46 47 128
47 128 1
47 48 128
48 128 1
48 49 128
49 128 1
49 50 128
50 128 1
50 51 128
51 128 1
51 52 128
52 128 1
52 53 128
53 128 1
53 54 128
54 128 1
54 55 128
55 128 1
55 56 128
56 128 1
56 57 128
57 128 1
57 58 128
58 128 1
58 59 128
59 128 1
59 60 128
60 128 1
60 61 128
61 128 1
61 62 128
62 128 1
62 63 128
63 128 1
63 64 128
64 128 1
64 65 128
65 128 1
65 66 128
66 128 1
66 67 128
67 128 1
67 68 128
68 128 1
68 69 128
69 128 1
69 70 128
70 128 1
70 71 128
71 128 1
71 72 128
72 128 1
72 73 128
73 128 1
73 74 128
74 128 1
74 75 128
75 128 1
75 76 128
76 128 1
76 77 128
77 128 1
77 78 128
78 128 1
78 79 128
79 128 1
79 80 128
80 128 1
80 81 128
81 128 1
81 82 128
82 128 1
82 83 128
83 128 1
83 84 128
84 128 1
84 85 128
85 128 1
85 86 128
86 128 1
86 87 128
87 128 1
87 88 128
88 128 1
88 89 128
89 128 1
89 90 128
90 128 1
90 91 128
91 128 1
91 92 128
92 128 1
92 93 128
93 128 1
93 94 128
94 128 1
94 95 128
95 128 1
95 96 128
96 128 1
96 97 128
97 128 1
97 98 128
98 128 1
98 99 128
99 128 1
99 100 128
100 128 1
100 101 128
101 128 1
101 102 128
102 128 1
102 103 128
103 128 1
103 104 128
104 128 1
104 105 128
105 128 1
105 106 128
106 128 1
106 107 128
107 128 1
107 108 128
108 128 1
108 109 128
109 128 1
109 110 128
110 128 1
110 111 128
111 128 1
111 112 128
112 128 1
112 113 128
113 128 1
113 114 128
114 128 1
114 115 128
115 128 1
115 116 128
116 128 1
116 117 128
117 128 1
117 118 128
118 128 1
118 119 128
119 128 1
119 120 128
120 128 1
120 121 128
121 128 1
121 122 128
122 128 1
122 123 128
123 128 1
123 124 128
124 128 1
124 125 128
125 128 1
125 126 128
126 128 1
126 127 128
127 128 128
